{
    "camera_model": "PINHOLE",
    "width": 1408,
    "height": 376,
    "train_list": [
        0,
        1,
        2,
        3,
        4,
        5,
        6,
        7,
        8,
        9,
        10,
        11,
        12,
        13,
        14,
        15,
        16,
        17,
        18,
        19,
        20,
        21,
        22,
        23,
        24,
        25,
        26,
        27,
        28,
        29,
        30,
        31,
        32,
        33,
        34,
        35,
        36,
        37,
        38,
        39,
        40,
        41,
        42,
        43,
        44,
        45,
        46,
        47,
        48,
        49,
        50,
        51,
        52,
        53,
        54,
        55,
        56,
        57,
        58,
        59,
        60,
        61,
        62,
        63,
        64,
        65,
        66,
        67,
        68,
        69,
        70,
        71,
        72,
        73,
        74,
        75,
        76,
        77,
        78,
        79,
        80,
        81,
        82,
        83,
        84,
        85,
        86,
        87,
        88,
        89,
        90,
        91,
        92,
        93
    ],
    "test_list": [
        94,
        95,
        96,
        97,
        98,
        99,
        100,
        101,
        102,
        103,
        104,
        105,
        106,
        107,
        108,
        109,
        110,
        111,
        112,
        113,
        114,
        115,
        116,
        117,
        118,
        119
    ],
    "frames": [
        {
            "rgb_path": "image_00/0000000347.png",
            "camtoworld": [
                [
                    0.9892070040629021,
                    -0.012761595829610199,
                    -0.14596548206363658,
                    0.6118188826173991
                ],
                [
                    0.01300033386101615,
                    0.9999152568925007,
                    0.0006800398885647175,
                    3.950187298640344
                ],
                [
                    0.1459450723995646,
                    -0.002570730342587014,
                    0.9892899177970695,
                    -38.15962098571981
                ],
                [
                    0.0,
                    0.0,
                    0.0,
                    1.0
                ]
            ],
            "intrinsics": [
                [
                    552.554261,
                    0.0,
                    682.049453,
                    0.0
                ],
                [
                    0.0,
                    552.554261,
                    238.769549,
                    0.0
                ],
                [
                    0.0,
                    0.0,
                    1.0,
                    0.0
                ],
                [
                    0.0,
                    0.0,
                    0.0,
                    1.0
                ]
            ]
        },
        {
            "rgb_path": "image_01/0000000347.png",
            "camtoworld": [
                [
                    0.989206819080097,
                    -0.012760984874266084,
                    -0.14596563533108245,
                    1.1995899072087468
                ],
                [
                    0.012999877758351755,
                    0.9999146668563555,
                    0.0006807194301876266,
                    3.9578907372412004
                ],
                [
                    0.1459448082628447,
                    -0.0025699007460013995,
                    0.9892903172738295,
                    -38.07294252933343
                ],
                [
                    0.0,
                    0.0,
                    0.0,
                    1.0
                ]
            ],
            "intrinsics": [
                [
                    552.554261,
                    0.0,
                    682.049453,
                    0.0
                ],
                [
                    0.0,
                    552.554261,
                    238.769549,
                    0.0
                ],
                [
                    0.0,
                    0.0,
                    1.0,
                    0.0
                ],
                [
                    0.0,
                    0.0,
                    0.0,
                    1.0
                ]
            ]
        },
        {
            "rgb_path": "image_00/0000000349.png",
            "camtoworld": [
                [
                    0.9882110502933307,
                    -0.004044820114502532,
                    -0.15304095909118529,
                    0.38936726393808385
                ],
                [
                    0.00376534346338856,
                    0.9999906343506865,
                    -0.002115407155140324,
                    3.768288157668792
                ],
                [
                    0.15304841903303665,
                    0.0015143891153584373,
                    0.9882185137089737,
                    -36.43774588618999
                ],
                [
                    0.0,
                    0.0,
                    0.0,
                    1.0
                ]
            ],
            "intrinsics": [
                [
                    552.554261,
                    0.0,
                    682.049453,
                    0.0
                ],
                [
                    0.0,
                    552.554261,
                    238.769549,
                    0.0
                ],
                [
                    0.0,
                    0.0,
                    1.0,
                    0.0
                ],
                [
                    0.0,
                    0.0,
                    0.0,
                    1.0
                ]
            ]
        },
        {
            "rgb_path": "image_01/0000000349.png",
            "camtoworld": [
                [
                    0.9882110878926011,
                    -0.004044220491006712,
                    -0.1530406237729915,
                    0.9762180695852294
                ],
                [
                    0.003765126929404233,
                    0.9999900735909982,
                    -0.0021153647012610876,
                    3.770435661846136
                ],
                [
                    0.15304798760556054,
                    0.0015152232056252124,
                    0.9882185192312966,
                    -36.346443004686535
                ],
                [
                    0.0,
                    0.0,
                    0.0,
                    1.0
                ]
            ],
            "intrinsics": [
                [
                    552.554261,
                    0.0,
                    682.049453,
                    0.0
                ],
                [
                    0.0,
                    552.554261,
                    238.769549,
                    0.0
                ],
                [
                    0.0,
                    0.0,
                    1.0,
                    0.0
                ],
                [
                    0.0,
                    0.0,
                    0.0,
                    1.0
                ]
            ]
        },
        {
            "rgb_path": "image_00/0000000351.png",
            "camtoworld": [
                [
                    0.9881343865211214,
                    0.00242621135183224,
                    -0.15356826021487813,
                    0.17228325070050232
                ],
                [
                    -0.002448938887645237,
                    0.9999969226613891,
                    4.1945444535093854e-05,
                    3.585587706237675
                ],
                [
                    0.1535688605713513,
                    0.0003347085386130515,
                    0.9881379386887992,
                    -34.72324348948314
                ],
                [
                    0.0,
                    0.0,
                    0.0,
                    1.0
                ]
            ],
            "intrinsics": [
                [
                    552.554261,
                    0.0,
                    682.049453,
                    0.0
                ],
                [
                    0.0,
                    552.554261,
                    238.769549,
                    0.0
                ],
                [
                    0.0,
                    0.0,
                    1.0,
                    0.0
                ],
                [
                    0.0,
                    0.0,
                    0.0,
                    1.0
                ]
            ]
        },
        {
            "rgb_path": "image_01/0000000351.png",
            "camtoworld": [
                [
                    0.9881345540964127,
                    0.0024268111722355926,
                    -0.1535680818956244,
                    0.759085077979762
                ],
                [
                    -0.0024491134819957638,
                    0.9999963998768461,
                    4.2073150879080316e-05,
                    3.5840990893100297
                ],
                [
                    0.15356795661983486,
                    0.00033554523512990597,
                    0.9881389543177109,
                    -34.63164363582837
                ],
                [
                    0.0,
                    0.0,
                    0.0,
                    1.0
                ]
            ],
            "intrinsics": [
                [
                    552.554261,
                    0.0,
                    682.049453,
                    0.0
                ],
                [
                    0.0,
                    552.554261,
                    238.769549,
                    0.0
                ],
                [
                    0.0,
                    0.0,
                    1.0,
                    0.0
                ],
                [
                    0.0,
                    0.0,
                    0.0,
                    1.0
                ]
            ]
        },
        {
            "rgb_path": "image_00/0000000353.png",
            "camtoworld": [
                [
                    0.9896705888551574,
                    0.005297191404265606,
                    -0.14325971250499533,
                    -0.016019901001527614
                ],
                [
                    -0.00594165999825458,
                    0.9999740359015683,
                    -0.004071351166865168,
                    3.4010657313879165
                ],
                [
                    0.14323525063709489,
                    0.004880209699000618,
                    0.989677003343735,
                    -33.0280631807841
                ],
                [
                    0.0,
                    0.0,
                    0.0,
                    1.0
                ]
            ],
            "intrinsics": [
                [
                    552.554261,
                    0.0,
                    682.049453,
                    0.0
                ],
                [
                    0.0,
                    552.554261,
                    238.769549,
                    0.0
                ],
                [
                    0.0,
                    0.0,
                    1.0,
                    0.0
                ],
                [
                    0.0,
                    0.0,
                    0.0,
                    1.0
                ]
            ]
        },
        {
            "rgb_path": "image_01/0000000353.png",
            "camtoworld": [
                [
                    0.9896703543906615,
                    0.005297790426832962,
                    -0.14326011663184357,
                    0.5720451166680505
                ],
                [
                    -0.005941925026627211,
                    0.9999734586553177,
                    -0.004070821427577552,
                    3.3975046932634427
                ],
                [
                    0.14323504524363218,
                    0.004881032426593825,
                    0.9896775878543906,
                    -32.94304332619686
                ],
                [
                    0.0,
                    0.0,
                    0.0,
                    1.0
                ]
            ],
            "intrinsics": [
                [
                    552.554261,
                    0.0,
                    682.049453,
                    0.0
                ],
                [
                    0.0,
                    552.554261,
                    238.769549,
                    0.0
                ],
                [
                    0.0,
                    0.0,
                    1.0,
                    0.0
                ],
                [
                    0.0,
                    0.0,
                    0.0,
                    1.0
                ]
            ]
        },
        {
            "rgb_path": "image_00/0000000355.png",
            "camtoworld": [
                [
                    0.9923373798121212,
                    0.00941904733522679,
                    -0.12319671996870822,
                    -0.169435627127541
                ],
                [
                    -0.0097042606979412,
                    0.9999514191046962,
                    -0.001712442217329433,
                    3.223501291641128
                ],
                [
                    0.12317539811253476,
                    0.002894807532359323,
                    0.9923809324082704,
                    -31.333078569512054
                ],
                [
                    0.0,
                    0.0,
                    0.0,
                    1.0
                ]
            ],
            "intrinsics": [
                [
                    552.554261,
                    0.0,
                    682.049453,
                    0.0
                ],
                [
                    0.0,
                    552.554261,
                    238.769549,
                    0.0
                ],
                [
                    0.0,
                    0.0,
                    1.0,
                    0.0
                ],
                [
                    0.0,
                    0.0,
                    0.0,
                    1.0
                ]
            ]
        },
        {
            "rgb_path": "image_01/0000000355.png",
            "camtoworld": [
                [
                    0.9923370141314741,
                    0.00941966601806091,
                    -0.12319679478816702,
                    0.42019695087583386
                ],
                [
                    -0.009704210502507978,
                    0.9999508461778894,
                    -0.0017121904668648724,
                    3.2176968529003602
                ],
                [
                    0.12317485504235925,
                    0.0028956168375671772,
                    0.9923816841906253,
                    -31.259948890796295
                ],
                [
                    0.0,
                    0.0,
                    0.0,
                    1.0
                ]
            ],
            "intrinsics": [
                [
                    552.554261,
                    0.0,
                    682.049453,
                    0.0
                ],
                [
                    0.0,
                    552.554261,
                    238.769549,
                    0.0
                ],
                [
                    0.0,
                    0.0,
                    1.0,
                    0.0
                ],
                [
                    0.0,
                    0.0,
                    0.0,
                    1.0
                ]
            ]
        },
        {
            "rgb_path": "image_00/0000000357.png",
            "camtoworld": [
                [
                    0.9952093408533536,
                    0.01089770113979653,
                    -0.09715922908135198,
                    -0.2712562244464607
                ],
                [
                    -0.010626101043776369,
                    0.9999379923624712,
                    0.0033074152797427574,
                    3.0430534811674192
                ],
                [
                    0.09719006288589613,
                    -0.0022588333618182924,
                    0.9952638564415205,
                    -29.648961995568698
                ],
                [
                    0.0,
                    0.0,
                    0.0,
                    1.0
                ]
            ],
            "intrinsics": [
                [
                    552.554261,
                    0.0,
                    682.049453,
                    0.0
                ],
                [
                    0.0,
                    552.554261,
                    238.769549,
                    0.0
                ],
                [
                    0.0,
                    0.0,
                    1.0,
                    0.0
                ],
                [
                    0.0,
                    0.0,
                    0.0,
                    1.0
                ]
            ]
        },
        {
            "rgb_path": "image_01/0000000357.png",
            "camtoworld": [
                [
                    0.9952086454813562,
                    0.010898336583261423,
                    -0.09715913587403528,
                    0.3198354524331535
                ],
                [
                    -0.01062692816728907,
                    0.9999374639946385,
                    0.0033073993169209083,
                    3.036733980637507
                ],
                [
                    0.09718928246511083,
                    -0.0022580357950280055,
                    0.9952642803525458,
                    -29.590840340709747
                ],
                [
                    0.0,
                    0.0,
                    0.0,
                    1.0
                ]
            ],
            "intrinsics": [
                [
                    552.554261,
                    0.0,
                    682.049453,
                    0.0
                ],
                [
                    0.0,
                    552.554261,
                    238.769549,
                    0.0
                ],
                [
                    0.0,
                    0.0,
                    1.0,
                    0.0
                ],
                [
                    0.0,
                    0.0,
                    0.0,
                    1.0
                ]
            ]
        },
        {
            "rgb_path": "image_00/0000000359.png",
            "camtoworld": [
                [
                    0.9975318653420202,
                    0.008546315104140091,
                    -0.06969422771203251,
                    -0.3203642922414929
                ],
                [
                    -0.008269203475807877,
                    0.9999566569214725,
                    0.004267493245830179,
                    2.871455793369705
                ],
                [
                    0.06972778455183916,
                    -0.0036812366129460095,
                    0.9975597849547022,
                    -27.98394306885939
                ],
                [
                    0.0,
                    0.0,
                    0.0,
                    1.0
                ]
            ],
            "intrinsics": [
                [
                    552.554261,
                    0.0,
                    682.049453,
                    0.0
                ],
                [
                    0.0,
                    552.554261,
                    238.769549,
                    0.0
                ],
                [
                    0.0,
                    0.0,
                    1.0,
                    0.0
                ],
                [
                    0.0,
                    0.0,
                    0.0,
                    1.0
                ]
            ]
        },
        {
            "rgb_path": "image_01/0000000359.png",
            "camtoworld": [
                [
                    0.9975312749617171,
                    0.008546975189819069,
                    -0.06969370490612764,
                    0.2725925076265412
                ],
                [
                    -0.008269224671657307,
                    0.9999561012459334,
                    0.004268321677377908,
                    2.8665628444275626
                ],
                [
                    0.06972723578710856,
                    -0.0036804599462218874,
                    0.9975602340938853,
                    -27.94277955743746
                ],
                [
                    0.0,
                    0.0,
                    0.0,
                    1.0
                ]
            ],
            "intrinsics": [
                [
                    552.554261,
                    0.0,
                    682.049453,
                    0.0
                ],
                [
                    0.0,
                    552.554261,
                    238.769549,
                    0.0
                ],
                [
                    0.0,
                    0.0,
                    1.0,
                    0.0
                ],
                [
                    0.0,
                    0.0,
                    0.0,
                    1.0
                ]
            ]
        },
        {
            "rgb_path": "image_00/0000000361.png",
            "camtoworld": [
                [
                    0.9990168313730374,
                    0.0016974293616627994,
                    -0.04428953256349547,
                    -0.31424778994073677
                ],
                [
                    -0.0014625035924436198,
                    0.9999846371510877,
                    0.005332554589696461,
                    2.7054487952325985
                ],
                [
                    0.044298202931358784,
                    -0.005262711704135221,
                    0.9990050935723822,
                    -26.333672565682264
                ],
                [
                    0.0,
                    0.0,
                    0.0,
                    1.0
                ]
            ],
            "intrinsics": [
                [
                    552.554261,
                    0.0,
                    682.049453,
                    0.0
                ],
                [
                    0.0,
                    552.554261,
                    238.769549,
                    0.0
                ],
                [
                    0.0,
                    0.0,
                    1.0,
                    0.0
                ],
                [
                    0.0,
                    0.0,
                    0.0,
                    1.0
                ]
            ]
        },
        {
            "rgb_path": "image_01/0000000361.png",
            "camtoworld": [
                [
                    0.9990167458878338,
                    0.0016981082628135839,
                    -0.044289434375078554,
                    0.27959507307423337
                ],
                [
                    -0.0014629909954094905,
                    0.9999841114508585,
                    0.00533298981399807,
                    2.70460374736291
                ],
                [
                    0.0442978352733616,
                    -0.005261942772739041,
                    0.9990054444446791,
                    -26.30766606036059
                ],
                [
                    0.0,
                    0.0,
                    0.0,
                    1.0
                ]
            ],
            "intrinsics": [
                [
                    552.554261,
                    0.0,
                    682.049453,
                    0.0
                ],
                [
                    0.0,
                    552.554261,
                    238.769549,
                    0.0
                ],
                [
                    0.0,
                    0.0,
                    1.0,
                    0.0
                ],
                [
                    0.0,
                    0.0,
                    0.0,
                    1.0
                ]
            ]
        },
        {
            "rgb_path": "image_00/0000000363.png",
            "camtoworld": [
                [
                    0.9997054730025171,
                    -0.0011576652885629196,
                    -0.024218090147735245,
                    -0.28322840438545427
                ],
                [
                    0.0011862202056570094,
                    0.9999985796749983,
                    0.00114717913578848,
                    2.5348797036396604
                ],
                [
                    0.024217476855379606,
                    -0.0011755206375530802,
                    0.9997068424900549,
                    -24.70364639969239
                ],
                [
                    0.0,
                    0.0,
                    0.0,
                    1.0
                ]
            ],
            "intrinsics": [
                [
                    552.554261,
                    0.0,
                    682.049453,
                    0.0
                ],
                [
                    0.0,
                    552.554261,
                    238.769549,
                    0.0
                ],
                [
                    0.0,
                    0.0,
                    1.0,
                    0.0
                ],
                [
                    0.0,
                    0.0,
                    0.0,
                    1.0
                ]
            ]
        },
        {
            "rgb_path": "image_01/0000000363.png",
            "camtoworld": [
                [
                    0.9997054766839379,
                    -0.0011569628598447055,
                    -0.024217921868157872,
                    0.31109383595617146
                ],
                [
                    0.0011854443745633405,
                    0.9999980394818421,
                    0.0011474138694692357,
                    2.535670825884779
                ],
                [
                    0.02421654617480189,
                    -0.001174772024198164,
                    0.999706985200486,
                    -24.68961829732052
                ],
                [
                    0.0,
                    0.0,
                    0.0,
                    1.0
                ]
            ],
            "intrinsics": [
                [
                    552.554261,
                    0.0,
                    682.049453,
                    0.0
                ],
                [
                    0.0,
                    552.554261,
                    238.769549,
                    0.0
                ],
                [
                    0.0,
                    0.0,
                    1.0,
                    0.0
                ],
                [
                    0.0,
                    0.0,
                    0.0,
                    1.0
                ]
            ]
        },
        {
            "rgb_path": "image_00/0000000365.png",
            "camtoworld": [
                [
                    0.999879517815938,
                    -0.010826539210830776,
                    -0.011153482001698464,
                    -0.21616049680505967
                ],
                [
                    0.010777020090942745,
                    0.9999316440192129,
                    -0.00453600334201116,
                    2.361924953694711
                ],
                [
                    0.011201851058457325,
                    0.004415123004820265,
                    0.999928062276671,
                    -23.084330532286913
                ],
                [
                    0.0,
                    0.0,
                    0.0,
                    1.0
                ]
            ],
            "intrinsics": [
                [
                    552.554261,
                    0.0,
                    682.049453,
                    0.0
                ],
                [
                    0.0,
                    552.554261,
                    238.769549,
                    0.0
                ],
                [
                    0.0,
                    0.0,
                    1.0,
                    0.0
                ],
                [
                    0.0,
                    0.0,
                    0.0,
                    1.0
                ]
            ]
        },
        {
            "rgb_path": "image_01/0000000365.png",
            "camtoworld": [
                [
                    0.999878639457278,
                    -0.010825821746035013,
                    -0.011152911945340648,
                    0.37819310598320044
                ],
                [
                    0.010776163807017514,
                    0.9999310473469217,
                    -0.004535569959459454,
                    2.3683230231916923
                ],
                [
                    0.011201216330028947,
                    0.004415851972435585,
                    0.9999284583016386,
                    -23.077941815511167
                ],
                [
                    0.0,
                    0.0,
                    0.0,
                    1.0
                ]
            ],
            "intrinsics": [
                [
                    552.554261,
                    0.0,
                    682.049453,
                    0.0
                ],
                [
                    0.0,
                    552.554261,
                    238.769549,
                    0.0
                ],
                [
                    0.0,
                    0.0,
                    1.0,
                    0.0
                ],
                [
                    0.0,
                    0.0,
                    0.0,
                    1.0
                ]
            ]
        },
        {
            "rgb_path": "image_00/0000000367.png",
            "camtoworld": [
                [
                    0.9998677935308578,
                    -0.01567072927344691,
                    -0.004312762312893299,
                    -0.14786143420906228
                ],
                [
                    0.015677407445569308,
                    0.9998759012699692,
                    0.0015308857865385774,
                    2.1944932729988977
                ],
                [
                    0.004288736784790741,
                    -0.0015984952001329878,
                    0.999990591656398,
                    -21.44769904792247
                ],
                [
                    0.0,
                    0.0,
                    0.0,
                    1.0
                ]
            ],
            "intrinsics": [
                [
                    552.554261,
                    0.0,
                    682.049453,
                    0.0
                ],
                [
                    0.0,
                    552.554261,
                    238.769549,
                    0.0
                ],
                [
                    0.0,
                    0.0,
                    1.0,
                    0.0
                ],
                [
                    0.0,
                    0.0,
                    0.0,
                    1.0
                ]
            ]
        },
        {
            "rgb_path": "image_01/0000000367.png",
            "camtoworld": [
                [
                    0.9998673556345471,
                    -0.01567000879006083,
                    -0.004312477987001773,
                    0.44596580713096046
                ],
                [
                    0.015677111612524147,
                    0.9998753347627528,
                    0.0015313716292781735,
                    2.2037497239625736
                ],
                [
                    0.004287901089266941,
                    -0.0015977665859030292,
                    0.9999904740421346,
                    -21.444810630637676
                ],
                [
                    0.0,
                    0.0,
                    0.0,
                    1.0
                ]
            ],
            "intrinsics": [
                [
                    552.554261,
                    0.0,
                    682.049453,
                    0.0
                ],
                [
                    0.0,
                    552.554261,
                    238.769549,
                    0.0
                ],
                [
                    0.0,
                    0.0,
                    1.0,
                    0.0
                ],
                [
                    0.0,
                    0.0,
                    0.0,
                    1.0
                ]
            ]
        },
        {
            "rgb_path": "image_00/0000000369.png",
            "camtoworld": [
                [
                    0.9995900886619282,
                    -0.027748237726181083,
                    -0.007016125188138866,
                    -0.06823637762317958
                ],
                [
                    0.02776764080708687,
                    0.9996109267673488,
                    0.0026365154301864918,
                    2.027152810861594
                ],
                [
                    0.006941185300074897,
                    -0.002830012356264041,
                    0.9999723127303467,
                    -19.819906874437947
                ],
                [
                    0.0,
                    0.0,
                    0.0,
                    1.0
                ]
            ],
            "intrinsics": [
                [
                    552.554261,
                    0.0,
                    682.049453,
                    0.0
                ],
                [
                    0.0,
                    552.554261,
                    238.769549,
                    0.0
                ],
                [
                    0.0,
                    0.0,
                    1.0,
                    0.0
                ],
                [
                    0.0,
                    0.0,
                    0.0,
                    1.0
                ]
            ]
        },
        {
            "rgb_path": "image_01/0000000369.png",
            "camtoworld": [
                [
                    0.9995897784709196,
                    -0.027747506228253414,
                    -0.007016166907221814,
                    0.5255019628505124
                ],
                [
                    0.027766969748855945,
                    0.9996103480955055,
                    0.0026365488793114017,
                    2.0436347177777634
                ],
                [
                    0.006940246577221986,
                    -0.0028292798823928277,
                    0.9999728561275955,
                    -19.815597492313827
                ],
                [
                    0.0,
                    0.0,
                    0.0,
                    1.0
                ]
            ],
            "intrinsics": [
                [
                    552.554261,
                    0.0,
                    682.049453,
                    0.0
                ],
                [
                    0.0,
                    552.554261,
                    238.769549,
                    0.0
                ],
                [
                    0.0,
                    0.0,
                    1.0,
                    0.0
                ],
                [
                    0.0,
                    0.0,
                    0.0,
                    1.0
                ]
            ]
        },
        {
            "rgb_path": "image_00/0000000371.png",
            "camtoworld": [
                [
                    0.9993980314210479,
                    -0.031019457111652327,
                    -0.015500046070952078,
                    -0.019973080326735726
                ],
                [
                    0.030986505661053904,
                    0.9995169982944252,
                    -0.0023503976201157575,
                    1.8606154975997242
                ],
                [
                    0.015566517717371523,
                    0.0018689628282509759,
                    0.9998776421225534,
                    -18.198577939792813
                ],
                [
                    0.0,
                    0.0,
                    0.0,
                    1.0
                ]
            ],
            "intrinsics": [
                [
                    552.554261,
                    0.0,
                    682.049453,
                    0.0
                ],
                [
                    0.0,
                    552.554261,
                    238.769549,
                    0.0
                ],
                [
                    0.0,
                    0.0,
                    1.0,
                    0.0
                ],
                [
                    0.0,
                    0.0,
                    0.0,
                    1.0
                ]
            ]
        },
        {
            "rgb_path": "image_01/0000000371.png",
            "camtoworld": [
                [
                    0.9993980476773302,
                    -0.031018734734367375,
                    -0.01550033998262628,
                    0.5737310786580565
                ],
                [
                    0.030986343849959,
                    0.9995164442907208,
                    -0.002350404586329981,
                    1.8789901916653662
                ],
                [
                    0.01556574632448833,
                    0.0018697015926352092,
                    0.9998780406608487,
                    -18.189173015453434
                ],
                [
                    0.0,
                    0.0,
                    0.0,
                    1.0
                ]
            ],
            "intrinsics": [
                [
                    552.554261,
                    0.0,
                    682.049453,
                    0.0
                ],
                [
                    0.0,
                    552.554261,
                    238.769549,
                    0.0
                ],
                [
                    0.0,
                    0.0,
                    1.0,
                    0.0
                ],
                [
                    0.0,
                    0.0,
                    0.0,
                    1.0
                ]
            ]
        },
        {
            "rgb_path": "image_00/0000000373.png",
            "camtoworld": [
                [
                    0.9993531854332239,
                    -0.026846111360060383,
                    -0.023903646214137923,
                    -0.004277328355101417
                ],
